1.389999999999999902e+00
2.069709999999999953e-02
2.960700000000000137e-03
2.960700000000000137e-03
1.318000000000000060e+00
1.387850000000000021e-02
-4.046260000000000134e-02
1.133080000000000059e-01
8.209999999999999520e-01
8.210000000000000338e-05
1.699470000000000147e-02
5.834849999999999759e-02
7.690000000000000169e-01
8.459000000000000156e-05
-1.537999999999999957e-02
3.859610000000000124e-02
6.870000000000000551e-01
0.000000000000000000e+00
7.900500000000000404e-04
-1.156219999999999991e-02
